{
 "cells": [
  {
   "cell_type": "code",
   "execution_count": 1,
   "id": "17e4261d",
   "metadata": {
    "ExecuteTime": {
     "end_time": "2021-08-13T22:49:48.189995Z",
     "start_time": "2021-08-13T22:49:47.539470Z"
    }
   },
   "outputs": [],
   "source": [
    "import pandas as pd"
   ]
  },
  {
   "cell_type": "markdown",
   "id": "29dbc62b",
   "metadata": {},
   "source": [
    "amostra do arquivo\n",
    "\n",
    "\"DATA\",\"ABERTURA\",\"FECHAMENTO\",\"VARIAÇÃO\",\"MÍNIMO\",\"MÁXIMO\",\"VOLUME\"  \n",
    "\"22/02/2021\",\"118.388\",\"112.668\",\"-4,87\",\"111.650\",\"118.388\",\"88,55B\"  \n",
    "\"08/03/2021\",\"115.202\",\"110.612\",\"-3,98\",\"110.268\",\"115.202\",\"49,39B\"  \n",
    "\"29/01/2021\",\"118.880\",\"115.068\",\"-3,21\",\"114.973\",\"118.880\",\"37,05B\"  \n",
    "\"30/07/2021\",\"125.672\",\"121.801\",\"-3,08\",\"121.748\",\"125.673\",\"39,11B\"  \n",
    "\"25/02/2021\",\"115.668\",\"112.358\",\"-2,86\",\"111.764\",\"116.506\",\"n/d\"\n",
    "\"12/05/2021\",\"122.964\",\"119.710\",\"-2,65\",\"119.458\",\"122.964\",\"49,65B\"\n",
    "\"15/01/2021\",\"123.472\",\"120.349\",\"-2,54\",\"120.185\",\"123.472\",\"9,39M\"\n",
    "\"26/02/2021\",\"112.260\",\"110.035\",\"-2,07\",\"109.827\",\"113.466\",\"54,77B\"\n",
    "\"25/06/2021\",\"128.433\",\"127.256\",\"-1,74\",\"126.697\",\"129.748\",\"37,09B\"\n",
    "\"13/01/2021\",\"123.996\",\"121.933\",\"-1,67\",\"121.016\",\"124.032\",\"66,97B\"\n",
    "\"23/03/2021\",\"114.977\",\"113.262\",\"-1,49\",\"113.062\",\"115.599\",\"31,02B\""
   ]
  },
  {
   "cell_type": "code",
   "execution_count": 8,
   "id": "66a49777",
   "metadata": {
    "ExecuteTime": {
     "end_time": "2021-08-13T22:54:00.451876Z",
     "start_time": "2021-08-13T22:54:00.431928Z"
    }
   },
   "outputs": [],
   "source": [
    "ibov = pd.read_csv('Ibovespa IBOV - Historico  InfoMoney.csv')"
   ]
  },
  {
   "cell_type": "code",
   "execution_count": 9,
   "id": "728afa90",
   "metadata": {
    "ExecuteTime": {
     "end_time": "2021-08-13T22:54:01.148741Z",
     "start_time": "2021-08-13T22:54:01.118809Z"
    }
   },
   "outputs": [
    {
     "data": {
      "text/html": [
       "<div>\n",
       "<style scoped>\n",
       "    .dataframe tbody tr th:only-of-type {\n",
       "        vertical-align: middle;\n",
       "    }\n",
       "\n",
       "    .dataframe tbody tr th {\n",
       "        vertical-align: top;\n",
       "    }\n",
       "\n",
       "    .dataframe thead th {\n",
       "        text-align: right;\n",
       "    }\n",
       "</style>\n",
       "<table border=\"1\" class=\"dataframe\">\n",
       "  <thead>\n",
       "    <tr style=\"text-align: right;\">\n",
       "      <th></th>\n",
       "      <th>DATA</th>\n",
       "      <th>ABERTURA</th>\n",
       "      <th>FECHAMENTO</th>\n",
       "      <th>VARIAÇÃO</th>\n",
       "      <th>MÍNIMO</th>\n",
       "      <th>MÁXIMO</th>\n",
       "      <th>VOLUME</th>\n",
       "    </tr>\n",
       "  </thead>\n",
       "  <tbody>\n",
       "    <tr>\n",
       "      <th>0</th>\n",
       "      <td>22/02/2021</td>\n",
       "      <td>118.388</td>\n",
       "      <td>112.668</td>\n",
       "      <td>-4,87</td>\n",
       "      <td>111.650</td>\n",
       "      <td>118.388</td>\n",
       "      <td>88,55B</td>\n",
       "    </tr>\n",
       "    <tr>\n",
       "      <th>1</th>\n",
       "      <td>08/03/2021</td>\n",
       "      <td>115.202</td>\n",
       "      <td>110.612</td>\n",
       "      <td>-3,98</td>\n",
       "      <td>110.268</td>\n",
       "      <td>115.202</td>\n",
       "      <td>49,39B</td>\n",
       "    </tr>\n",
       "    <tr>\n",
       "      <th>2</th>\n",
       "      <td>29/01/2021</td>\n",
       "      <td>118.880</td>\n",
       "      <td>115.068</td>\n",
       "      <td>-3,21</td>\n",
       "      <td>114.973</td>\n",
       "      <td>118.880</td>\n",
       "      <td>37,05B</td>\n",
       "    </tr>\n",
       "    <tr>\n",
       "      <th>3</th>\n",
       "      <td>30/07/2021</td>\n",
       "      <td>125.672</td>\n",
       "      <td>121.801</td>\n",
       "      <td>-3,08</td>\n",
       "      <td>121.748</td>\n",
       "      <td>125.673</td>\n",
       "      <td>39,11B</td>\n",
       "    </tr>\n",
       "    <tr>\n",
       "      <th>4</th>\n",
       "      <td>25/02/2021</td>\n",
       "      <td>115.668</td>\n",
       "      <td>112.358</td>\n",
       "      <td>-2,86</td>\n",
       "      <td>111.764</td>\n",
       "      <td>116.506</td>\n",
       "      <td>n/d</td>\n",
       "    </tr>\n",
       "    <tr>\n",
       "      <th>...</th>\n",
       "      <td>...</td>\n",
       "      <td>...</td>\n",
       "      <td>...</td>\n",
       "      <td>...</td>\n",
       "      <td>...</td>\n",
       "      <td>...</td>\n",
       "      <td>...</td>\n",
       "    </tr>\n",
       "    <tr>\n",
       "      <th>143</th>\n",
       "      <td>17/03/2021</td>\n",
       "      <td>114.018</td>\n",
       "      <td>116.549</td>\n",
       "      <td>2,22</td>\n",
       "      <td>113.428</td>\n",
       "      <td>116.736</td>\n",
       "      <td>35,74B</td>\n",
       "    </tr>\n",
       "    <tr>\n",
       "      <th>144</th>\n",
       "      <td>05/03/2021</td>\n",
       "      <td>112.690</td>\n",
       "      <td>115.202</td>\n",
       "      <td>2,23</td>\n",
       "      <td>112.504</td>\n",
       "      <td>115.504</td>\n",
       "      <td>50,21B</td>\n",
       "    </tr>\n",
       "    <tr>\n",
       "      <th>145</th>\n",
       "      <td>23/02/2021</td>\n",
       "      <td>112.676</td>\n",
       "      <td>115.227</td>\n",
       "      <td>2,27</td>\n",
       "      <td>112.667</td>\n",
       "      <td>115.380</td>\n",
       "      <td>52,66B</td>\n",
       "    </tr>\n",
       "    <tr>\n",
       "      <th>146</th>\n",
       "      <td>28/01/2021</td>\n",
       "      <td>115.882</td>\n",
       "      <td>118.883</td>\n",
       "      <td>2,59</td>\n",
       "      <td>115.734</td>\n",
       "      <td>119.355</td>\n",
       "      <td>38,72B</td>\n",
       "    </tr>\n",
       "    <tr>\n",
       "      <th>147</th>\n",
       "      <td>07/01/2021</td>\n",
       "      <td>119.103</td>\n",
       "      <td>122.386</td>\n",
       "      <td>2,76</td>\n",
       "      <td>119.101</td>\n",
       "      <td>122.697</td>\n",
       "      <td>44,19B</td>\n",
       "    </tr>\n",
       "  </tbody>\n",
       "</table>\n",
       "<p>148 rows × 7 columns</p>\n",
       "</div>"
      ],
      "text/plain": [
       "           DATA ABERTURA  FECHAMENTO VARIAÇÃO   MÍNIMO   MÁXIMO  VOLUME\n",
       "0    22/02/2021  118.388     112.668    -4,87  111.650  118.388  88,55B\n",
       "1    08/03/2021  115.202     110.612    -3,98  110.268  115.202  49,39B\n",
       "2    29/01/2021  118.880     115.068    -3,21  114.973  118.880  37,05B\n",
       "3    30/07/2021  125.672     121.801    -3,08  121.748  125.673  39,11B\n",
       "4    25/02/2021  115.668     112.358    -2,86  111.764  116.506     n/d\n",
       "..          ...      ...         ...      ...      ...      ...     ...\n",
       "143  17/03/2021  114.018     116.549     2,22  113.428  116.736  35,74B\n",
       "144  05/03/2021  112.690     115.202     2,23  112.504  115.504  50,21B\n",
       "145  23/02/2021  112.676     115.227     2,27  112.667  115.380  52,66B\n",
       "146  28/01/2021  115.882     118.883     2,59  115.734  119.355  38,72B\n",
       "147  07/01/2021  119.103     122.386     2,76  119.101  122.697  44,19B\n",
       "\n",
       "[148 rows x 7 columns]"
      ]
     },
     "execution_count": 9,
     "metadata": {},
     "output_type": "execute_result"
    }
   ],
   "source": [
    "ibov"
   ]
  },
  {
   "cell_type": "code",
   "execution_count": 10,
   "id": "c8317ce5",
   "metadata": {
    "ExecuteTime": {
     "end_time": "2021-08-13T22:54:03.077901Z",
     "start_time": "2021-08-13T22:54:03.059942Z"
    }
   },
   "outputs": [
    {
     "name": "stdout",
     "output_type": "stream",
     "text": [
      "<class 'pandas.core.frame.DataFrame'>\n",
      "RangeIndex: 148 entries, 0 to 147\n",
      "Data columns (total 7 columns):\n",
      " #   Column      Non-Null Count  Dtype  \n",
      "---  ------      --------------  -----  \n",
      " 0   DATA        148 non-null    object \n",
      " 1   ABERTURA    148 non-null    object \n",
      " 2   FECHAMENTO  148 non-null    float64\n",
      " 3   VARIAÇÃO    148 non-null    object \n",
      " 4   MÍNIMO      148 non-null    float64\n",
      " 5   MÁXIMO      148 non-null    float64\n",
      " 6   VOLUME      148 non-null    object \n",
      "dtypes: float64(3), object(4)\n",
      "memory usage: 8.2+ KB\n"
     ]
    }
   ],
   "source": [
    "ibov.info()"
   ]
  },
  {
   "cell_type": "code",
   "execution_count": 13,
   "id": "1aa3e8a7",
   "metadata": {
    "ExecuteTime": {
     "end_time": "2021-08-13T22:54:57.305098Z",
     "start_time": "2021-08-13T22:54:57.291135Z"
    }
   },
   "outputs": [],
   "source": [
    "ibov['DATA'] = pd.to_datetime(ibov['DATA'], format='%d/%m/%Y')"
   ]
  },
  {
   "cell_type": "code",
   "execution_count": 14,
   "id": "6ea9f52e",
   "metadata": {
    "ExecuteTime": {
     "end_time": "2021-08-13T22:55:10.449397Z",
     "start_time": "2021-08-13T22:55:10.169107Z"
    }
   },
   "outputs": [
    {
     "data": {
      "text/html": [
       "<div>\n",
       "<style scoped>\n",
       "    .dataframe tbody tr th:only-of-type {\n",
       "        vertical-align: middle;\n",
       "    }\n",
       "\n",
       "    .dataframe tbody tr th {\n",
       "        vertical-align: top;\n",
       "    }\n",
       "\n",
       "    .dataframe thead th {\n",
       "        text-align: right;\n",
       "    }\n",
       "</style>\n",
       "<table border=\"1\" class=\"dataframe\">\n",
       "  <thead>\n",
       "    <tr style=\"text-align: right;\">\n",
       "      <th></th>\n",
       "      <th>DATA</th>\n",
       "      <th>ABERTURA</th>\n",
       "      <th>FECHAMENTO</th>\n",
       "      <th>VARIAÇÃO</th>\n",
       "      <th>MÍNIMO</th>\n",
       "      <th>MÁXIMO</th>\n",
       "      <th>VOLUME</th>\n",
       "    </tr>\n",
       "  </thead>\n",
       "  <tbody>\n",
       "    <tr>\n",
       "      <th>0</th>\n",
       "      <td>2021-02-22</td>\n",
       "      <td>118.388</td>\n",
       "      <td>112.668</td>\n",
       "      <td>-4,87</td>\n",
       "      <td>111.650</td>\n",
       "      <td>118.388</td>\n",
       "      <td>88,55B</td>\n",
       "    </tr>\n",
       "    <tr>\n",
       "      <th>1</th>\n",
       "      <td>2021-03-08</td>\n",
       "      <td>115.202</td>\n",
       "      <td>110.612</td>\n",
       "      <td>-3,98</td>\n",
       "      <td>110.268</td>\n",
       "      <td>115.202</td>\n",
       "      <td>49,39B</td>\n",
       "    </tr>\n",
       "    <tr>\n",
       "      <th>2</th>\n",
       "      <td>2021-01-29</td>\n",
       "      <td>118.880</td>\n",
       "      <td>115.068</td>\n",
       "      <td>-3,21</td>\n",
       "      <td>114.973</td>\n",
       "      <td>118.880</td>\n",
       "      <td>37,05B</td>\n",
       "    </tr>\n",
       "    <tr>\n",
       "      <th>3</th>\n",
       "      <td>2021-07-30</td>\n",
       "      <td>125.672</td>\n",
       "      <td>121.801</td>\n",
       "      <td>-3,08</td>\n",
       "      <td>121.748</td>\n",
       "      <td>125.673</td>\n",
       "      <td>39,11B</td>\n",
       "    </tr>\n",
       "    <tr>\n",
       "      <th>4</th>\n",
       "      <td>2021-02-25</td>\n",
       "      <td>115.668</td>\n",
       "      <td>112.358</td>\n",
       "      <td>-2,86</td>\n",
       "      <td>111.764</td>\n",
       "      <td>116.506</td>\n",
       "      <td>n/d</td>\n",
       "    </tr>\n",
       "    <tr>\n",
       "      <th>...</th>\n",
       "      <td>...</td>\n",
       "      <td>...</td>\n",
       "      <td>...</td>\n",
       "      <td>...</td>\n",
       "      <td>...</td>\n",
       "      <td>...</td>\n",
       "      <td>...</td>\n",
       "    </tr>\n",
       "    <tr>\n",
       "      <th>143</th>\n",
       "      <td>2021-03-17</td>\n",
       "      <td>114.018</td>\n",
       "      <td>116.549</td>\n",
       "      <td>2,22</td>\n",
       "      <td>113.428</td>\n",
       "      <td>116.736</td>\n",
       "      <td>35,74B</td>\n",
       "    </tr>\n",
       "    <tr>\n",
       "      <th>144</th>\n",
       "      <td>2021-03-05</td>\n",
       "      <td>112.690</td>\n",
       "      <td>115.202</td>\n",
       "      <td>2,23</td>\n",
       "      <td>112.504</td>\n",
       "      <td>115.504</td>\n",
       "      <td>50,21B</td>\n",
       "    </tr>\n",
       "    <tr>\n",
       "      <th>145</th>\n",
       "      <td>2021-02-23</td>\n",
       "      <td>112.676</td>\n",
       "      <td>115.227</td>\n",
       "      <td>2,27</td>\n",
       "      <td>112.667</td>\n",
       "      <td>115.380</td>\n",
       "      <td>52,66B</td>\n",
       "    </tr>\n",
       "    <tr>\n",
       "      <th>146</th>\n",
       "      <td>2021-01-28</td>\n",
       "      <td>115.882</td>\n",
       "      <td>118.883</td>\n",
       "      <td>2,59</td>\n",
       "      <td>115.734</td>\n",
       "      <td>119.355</td>\n",
       "      <td>38,72B</td>\n",
       "    </tr>\n",
       "    <tr>\n",
       "      <th>147</th>\n",
       "      <td>2021-01-07</td>\n",
       "      <td>119.103</td>\n",
       "      <td>122.386</td>\n",
       "      <td>2,76</td>\n",
       "      <td>119.101</td>\n",
       "      <td>122.697</td>\n",
       "      <td>44,19B</td>\n",
       "    </tr>\n",
       "  </tbody>\n",
       "</table>\n",
       "<p>148 rows × 7 columns</p>\n",
       "</div>"
      ],
      "text/plain": [
       "          DATA ABERTURA  FECHAMENTO VARIAÇÃO   MÍNIMO   MÁXIMO  VOLUME\n",
       "0   2021-02-22  118.388     112.668    -4,87  111.650  118.388  88,55B\n",
       "1   2021-03-08  115.202     110.612    -3,98  110.268  115.202  49,39B\n",
       "2   2021-01-29  118.880     115.068    -3,21  114.973  118.880  37,05B\n",
       "3   2021-07-30  125.672     121.801    -3,08  121.748  125.673  39,11B\n",
       "4   2021-02-25  115.668     112.358    -2,86  111.764  116.506     n/d\n",
       "..         ...      ...         ...      ...      ...      ...     ...\n",
       "143 2021-03-17  114.018     116.549     2,22  113.428  116.736  35,74B\n",
       "144 2021-03-05  112.690     115.202     2,23  112.504  115.504  50,21B\n",
       "145 2021-02-23  112.676     115.227     2,27  112.667  115.380  52,66B\n",
       "146 2021-01-28  115.882     118.883     2,59  115.734  119.355  38,72B\n",
       "147 2021-01-07  119.103     122.386     2,76  119.101  122.697  44,19B\n",
       "\n",
       "[148 rows x 7 columns]"
      ]
     },
     "execution_count": 14,
     "metadata": {},
     "output_type": "execute_result"
    }
   ],
   "source": [
    "ibov"
   ]
  },
  {
   "cell_type": "code",
   "execution_count": null,
   "id": "91ea8520",
   "metadata": {},
   "outputs": [],
   "source": []
  }
 ],
 "metadata": {
  "kernelspec": {
   "display_name": "Python 3",
   "language": "python",
   "name": "python3"
  },
  "language_info": {
   "codemirror_mode": {
    "name": "ipython",
    "version": 3
   },
   "file_extension": ".py",
   "mimetype": "text/x-python",
   "name": "python",
   "nbconvert_exporter": "python",
   "pygments_lexer": "ipython3",
   "version": "3.9.5"
  },
  "varInspector": {
   "cols": {
    "lenName": 16,
    "lenType": 16,
    "lenVar": 40
   },
   "kernels_config": {
    "python": {
     "delete_cmd_postfix": "",
     "delete_cmd_prefix": "del ",
     "library": "var_list.py",
     "varRefreshCmd": "print(var_dic_list())"
    },
    "r": {
     "delete_cmd_postfix": ") ",
     "delete_cmd_prefix": "rm(",
     "library": "var_list.r",
     "varRefreshCmd": "cat(var_dic_list()) "
    }
   },
   "types_to_exclude": [
    "module",
    "function",
    "builtin_function_or_method",
    "instance",
    "_Feature"
   ],
   "window_display": false
  }
 },
 "nbformat": 4,
 "nbformat_minor": 5
}
